start=354.454100
speed=1.610510
